(kicad_pcb (version 20171130) (host pcbnew "(5.1.10)-1")

  (general
    (thickness 1.6)
    (drawings 24)
    (tracks 516)
    (zones 0)
    (modules 23)
    (nets 56)
  )

  (page A4)
  (layers
    (0 F.Cu signal)
    (31 B.Cu signal)
    (32 B.Adhes user)
    (33 F.Adhes user)
    (34 B.Paste user)
    (35 F.Paste user)
    (36 B.SilkS user)
    (37 F.SilkS user)
    (38 B.Mask user)
    (39 F.Mask user)
    (40 Dwgs.User user)
    (41 Cmts.User user)
    (42 Eco1.User user)
    (43 Eco2.User user)
    (44 Edge.Cuts user)
    (45 Margin user)
    (46 B.CrtYd user)
    (47 F.CrtYd user)
    (48 B.Fab user)
    (49 F.Fab user)
  )

  (setup
    (last_trace_width 0.25)
    (trace_clearance 0.2)
    (zone_clearance 0.508)
    (zone_45_only no)
    (trace_min 0.2)
    (via_size 0.8)
    (via_drill 0.4)
    (via_min_size 0.4)
    (via_min_drill 0.3)
    (uvia_size 0.3)
    (uvia_drill 0.1)
    (uvias_allowed no)
    (uvia_min_size 0.2)
    (uvia_min_drill 0.1)
    (edge_width 0.05)
    (segment_width 0.2)
    (pcb_text_width 0.3)
    (pcb_text_size 1.5 1.5)
    (mod_edge_width 0.12)
    (mod_text_size 1 1)
    (mod_text_width 0.15)
    (pad_size 1.524 1.524)
    (pad_drill 0.762)
    (pad_to_mask_clearance 0)
    (aux_axis_origin 0 0)
    (visible_elements 7FFFFFFF)
    (pcbplotparams
      (layerselection 0x010fc_ffffffff)
      (usegerberextensions false)
      (usegerberattributes true)
      (usegerberadvancedattributes true)
      (creategerberjobfile true)
      (excludeedgelayer true)
      (linewidth 0.100000)
      (plotframeref false)
      (viasonmask false)
      (mode 1)
      (useauxorigin false)
      (hpglpennumber 1)
      (hpglpenspeed 20)
      (hpglpendiameter 15.000000)
      (psnegative false)
      (psa4output false)
      (plotreference true)
      (plotvalue true)
      (plotinvisibletext false)
      (padsonsilk false)
      (subtractmaskfromsilk false)
      (outputformat 1)
      (mirror false)
      (drillshape 1)
      (scaleselection 1)
      (outputdirectory ""))
  )

  (net 0 "")
  (net 1 "Net-(IC1-Pad4)")
  (net 2 "Net-(IC1-Pad5)")
  (net 3 "Net-(IC1-Pad6)")
  (net 4 "Net-(IC1-Pad7)")
  (net 5 "Net-(IC1-Pad8)")
  (net 6 "Net-(IC1-Pad9)")
  (net 7 "Net-(IC1-Pad12)")
  (net 8 "Net-(IC1-Pad14)")
  (net 9 "Net-(IC1-Pad17)")
  (net 10 "Net-(IC1-Pad18)")
  (net 11 "Net-(IC1-Pad19)")
  (net 12 "Net-(IC1-Pad20)")
  (net 13 "Net-(IC1-Pad21)")
  (net 14 "Net-(IC1-Pad22)")
  (net 15 "Net-(IC1-Pad26)")
  (net 16 "Net-(IC1-Pad27)")
  (net 17 "Net-(IC1-Pad28)")
  (net 18 "Net-(IC1-Pad29)")
  (net 19 "Net-(IC1-Pad32)")
  (net 20 "Net-(IC1-Pad33)")
  (net 21 "Net-(IC1-Pad36)")
  (net 22 "Net-(J1-Pad10)")
  (net 23 "Net-(J1-Pad1)")
  (net 24 "Net-(J1-Pad8)")
  (net 25 +3V3)
  (net 26 GND)
  (net 27 "Net-(C2-Pad2)")
  (net 28 "Net-(C3-Pad1)")
  (net 29 SD_CLK)
  (net 30 SD_DAT0)
  (net 31 SD_CMD)
  (net 32 SD_DAT3)
  (net 33 MCP_CS)
  (net 34 MCP_INT)
  (net 35 MCP_CLK)
  (net 36 MCP_MISO)
  (net 37 MCP_MOSI)
  (net 38 CANH)
  (net 39 "Net-(JP1-Pad2)")
  (net 40 "Net-(R5-Pad1)")
  (net 41 CANL)
  (net 42 "Net-(U1-Pad1)")
  (net 43 "Net-(U1-Pad2)")
  (net 44 "Net-(U1-Pad3)")
  (net 45 "Net-(U1-Pad8)")
  (net 46 "Net-(U1-Pad9)")
  (net 47 "Net-(U2-Pad5)")
  (net 48 "Net-(Y1-Pad2)")
  (net 49 "Net-(Y1-Pad4)")
  (net 50 EN)
  (net 51 IO0)
  (net 52 RXD)
  (net 53 TXD)
  (net 54 RTS)
  (net 55 DTR)

  (net_class Default "This is the default net class."
    (clearance 0.2)
    (trace_width 0.25)
    (via_dia 0.8)
    (via_drill 0.4)
    (uvia_dia 0.3)
    (uvia_drill 0.1)
    (add_net +3V3)
    (add_net CANH)
    (add_net CANL)
    (add_net DTR)
    (add_net EN)
    (add_net GND)
    (add_net IO0)
    (add_net MCP_CLK)
    (add_net MCP_CS)
    (add_net MCP_INT)
    (add_net MCP_MISO)
    (add_net MCP_MOSI)
    (add_net "Net-(C2-Pad2)")
    (add_net "Net-(C3-Pad1)")
    (add_net "Net-(IC1-Pad14)")
    (add_net "Net-(IC1-Pad17)")
    (add_net "Net-(IC1-Pad18)")
    (add_net "Net-(IC1-Pad19)")
    (add_net "Net-(IC1-Pad20)")
    (add_net "Net-(IC1-Pad21)")
    (add_net "Net-(IC1-Pad22)")
    (add_net "Net-(IC1-Pad26)")
    (add_net "Net-(IC1-Pad27)")
    (add_net "Net-(IC1-Pad28)")
    (add_net "Net-(IC1-Pad32)")
    (add_net "Net-(IC1-Pad4)")
    (add_net "Net-(IC1-Pad5)")
    (add_net "Net-(J1-Pad1)")
    (add_net "Net-(J1-Pad10)")
    (add_net "Net-(J1-Pad8)")
    (add_net "Net-(JP1-Pad2)")
    (add_net "Net-(R5-Pad1)")
    (add_net "Net-(U1-Pad1)")
    (add_net "Net-(U1-Pad2)")
    (add_net "Net-(U1-Pad3)")
    (add_net "Net-(U1-Pad8)")
    (add_net "Net-(U1-Pad9)")
    (add_net "Net-(U2-Pad5)")
    (add_net "Net-(Y1-Pad2)")
    (add_net "Net-(Y1-Pad4)")
    (add_net RTS)
    (add_net RXD)
    (add_net SD_CLK)
    (add_net SD_CMD)
    (add_net SD_DAT0)
    (add_net SD_DAT3)
    (add_net TXD)
  )

  (net_class Dünn ""
    (clearance 0.1)
    (trace_width 0.2)
    (via_dia 0.8)
    (via_drill 0.4)
    (uvia_dia 0.3)
    (uvia_drill 0.1)
    (add_net "Net-(IC1-Pad12)")
    (add_net "Net-(IC1-Pad29)")
    (add_net "Net-(IC1-Pad33)")
    (add_net "Net-(IC1-Pad36)")
    (add_net "Net-(IC1-Pad6)")
    (add_net "Net-(IC1-Pad7)")
    (add_net "Net-(IC1-Pad8)")
    (add_net "Net-(IC1-Pad9)")
  )

  (module esp32:SD_CTF-11081-P (layer B.Cu) (tedit 60E8C161) (tstamp 60E927DE)
    (at 97.565 99.822 180)
    (descr "SD card connector, top mount, SMT (http://www.te.com/commerce/DocumentDelivery/DDEController?Action=showdoc&DocId=Customer+Drawing%7F2041021%7FB%7Fpdf%7FEnglish%7FENG_CD_2041021_B_C_2041021_B.pdf%7F2041021-4)")
    (tags "sd card")
    (path /60EC0178/60ECAE52)
    (attr smd)
    (fp_text reference J1 (at -0.225 2.286 180) (layer B.SilkS)
      (effects (font (size 0.7 0.7) (thickness 0.1)) (justify mirror))
    )
    (fp_text value Micro_SD_Card_Det (at 0 6 180) (layer B.Fab)
      (effects (font (size 1 1) (thickness 0.15)) (justify mirror))
    )
    (fp_line (start -7.375 -4.5) (end 7.375 -4.5) (layer B.CrtYd) (width 0.05))
    (fp_line (start 7.375 9.9) (end 7.375 -4.5) (layer B.CrtYd) (width 0.05))
    (fp_line (start -7.375 9.9) (end -7.375 -4.5) (layer B.CrtYd) (width 0.05))
    (fp_line (start -7.375 9.9) (end 7.375 9.9) (layer B.CrtYd) (width 0.05))
    (fp_line (start 5.07 9.875) (end 5.07 7.575) (layer B.SilkS) (width 0.12))
    (fp_line (start 5.07 7.575) (end 7.3 5.3) (layer B.SilkS) (width 0.12))
    (fp_line (start -6.8 -4.5) (end -6.8 -9.7) (layer Dwgs.User) (width 0.05))
    (fp_line (start -6.4 -10) (end 6.3 -10) (layer Dwgs.User) (width 0.05))
    (fp_line (start 6.7 -9.6) (end 6.7 -4.5) (layer Dwgs.User) (width 0.05))
    (fp_line (start -6.4 -6.7) (end 6.3 -6.7) (layer Dwgs.User) (width 0.05))
    (fp_line (start -6.4 -5.7) (end 6.3 -5.7) (layer Dwgs.User) (width 0.05))
    (fp_line (start 7.3 -4.5) (end -7.4 -4.5) (layer B.SilkS) (width 0.12))
    (fp_line (start -7.4 -4.5) (end -7.4 9.9) (layer B.SilkS) (width 0.12))
    (fp_line (start -7.4 9.9) (end 5 9.9) (layer B.SilkS) (width 0.12))
    (fp_line (start 7.3 -4.5) (end 7.3 5.3) (layer B.SilkS) (width 0.12))
    (fp_arc (start 6.3 -5.3) (end 6.3 -5.7) (angle 90) (layer Dwgs.User) (width 0.05))
    (fp_arc (start -6.4 -5.3) (end -6.8 -5.3) (angle 90) (layer Dwgs.User) (width 0.05))
    (fp_arc (start -6.4 -6.3) (end -6.8 -6.3) (angle 90) (layer Dwgs.User) (width 0.05))
    (fp_arc (start -6.4 -9.6) (end -6.8 -9.6) (angle 90) (layer Dwgs.User) (width 0.05))
    (fp_arc (start 6.3 -6.3) (end 6.3 -6.7) (angle 90) (layer Dwgs.User) (width 0.05))
    (fp_arc (start 6.3 -9.6) (end 6.3 -10) (angle 90) (layer Dwgs.User) (width 0.05))
    (pad 1 smd rect (at 2.25 10.6 180) (size 0.7 1.4) (layers B.Cu B.Paste B.Mask)
      (net 23 "Net-(J1-Pad1)"))
    (pad 2 smd rect (at 1.15 10.6 180) (size 0.7 1.4) (layers B.Cu B.Paste B.Mask)
      (net 32 SD_DAT3))
    (pad 3 smd rect (at 0.05 10.6 180) (size 0.7 1.4) (layers B.Cu B.Paste B.Mask)
      (net 31 SD_CMD))
    (pad 4 smd rect (at -1.05 10.6 180) (size 0.7 1.4) (layers B.Cu B.Paste B.Mask)
      (net 25 +3V3))
    (pad 5 smd rect (at -2.15 10.6 180) (size 0.7 1.4) (layers B.Cu B.Paste B.Mask)
      (net 29 SD_CLK))
    (pad 6 smd rect (at -3.25 10.6 180) (size 0.7 1.4) (layers B.Cu B.Paste B.Mask)
      (net 26 GND))
    (pad 7 smd rect (at -4.35 10.6 180) (size 0.7 1.4) (layers B.Cu B.Paste B.Mask)
      (net 30 SD_DAT0))
    (pad 8 smd rect (at -5.45 10.6 180) (size 0.7 1.4) (layers B.Cu B.Paste B.Mask)
      (net 24 "Net-(J1-Pad8)"))
    (pad 10 smd rect (at -6.55 10.6 180) (size 0.7 1.4) (layers B.Cu B.Paste B.Mask)
      (net 22 "Net-(J1-Pad10)"))
    (pad "" np_thru_hole circle (at 3.05 0 180) (size 1 1) (drill 1) (layers *.Cu *.Mask))
    (pad "" np_thru_hole circle (at -4.95 0 180) (size 1 1) (drill 1) (layers *.Cu *.Mask))
    (pad 11 smd rect (at 6.85 10 180) (size 1.6 1.4) (layers B.Cu B.Paste B.Mask)
      (net 26 GND))
    (pad 11 smd rect (at 7.75 0.4 180) (size 1.2 2.2) (layers B.Cu B.Paste B.Mask)
      (net 26 GND))
    (pad 11 smd rect (at -7.75 0.4 180) (size 1.2 2.2) (layers B.Cu B.Paste B.Mask)
      (net 26 GND))
    (pad 11 smd rect (at -8 10 180) (size 1.6 1.4) (layers B.Cu B.Paste B.Mask)
      (net 26 GND))
    (model ${KISYS3DMOD}/Connector_Card.3dshapes/SD_TE_2041021.wrl
      (at (xyz 0 0 0))
      (scale (xyz 1 1 1))
      (rotate (xyz 0 0 0))
    )
  )

  (module Capacitor_Tantalum_SMD:CP_EIA-3528-21_Kemet-B (layer B.Cu) (tedit 5EBA9318) (tstamp 60E86C28)
    (at 91.186 66.548)
    (descr "Tantalum Capacitor SMD Kemet-B (3528-21 Metric), IPC_7351 nominal, (Body size from: http://www.kemet.com/Lists/ProductCatalog/Attachments/253/KEM_TC101_STD.pdf), generated with kicad-footprint-generator")
    (tags "capacitor tantalum")
    (path /60E74937)
    (attr smd)
    (fp_text reference C1 (at 3.302 0 -180) (layer B.SilkS)
      (effects (font (size 0.7 0.7) (thickness 0.1)) (justify mirror))
    )
    (fp_text value 10uF (at 0 -2.35 180) (layer B.Fab)
      (effects (font (size 1 1) (thickness 0.15)) (justify mirror))
    )
    (fp_line (start 2.45 -1.65) (end -2.45 -1.65) (layer B.CrtYd) (width 0.05))
    (fp_line (start 2.45 1.65) (end 2.45 -1.65) (layer B.CrtYd) (width 0.05))
    (fp_line (start -2.45 1.65) (end 2.45 1.65) (layer B.CrtYd) (width 0.05))
    (fp_line (start -2.45 -1.65) (end -2.45 1.65) (layer B.CrtYd) (width 0.05))
    (fp_line (start -2.46 -1.51) (end 1.75 -1.51) (layer B.SilkS) (width 0.12))
    (fp_line (start -2.46 1.51) (end -2.46 -1.51) (layer B.SilkS) (width 0.12))
    (fp_line (start 1.75 1.51) (end -2.46 1.51) (layer B.SilkS) (width 0.12))
    (fp_line (start 1.75 -1.4) (end 1.75 1.4) (layer B.Fab) (width 0.1))
    (fp_line (start -1.75 -1.4) (end 1.75 -1.4) (layer B.Fab) (width 0.1))
    (fp_line (start -1.75 0.7) (end -1.75 -1.4) (layer B.Fab) (width 0.1))
    (fp_line (start -1.05 1.4) (end -1.75 0.7) (layer B.Fab) (width 0.1))
    (fp_line (start 1.75 1.4) (end -1.05 1.4) (layer B.Fab) (width 0.1))
    (pad 1 smd roundrect (at -1.5375 0) (size 1.325 2.35) (layers B.Cu B.Paste B.Mask) (roundrect_rratio 0.188679)
      (net 25 +3V3))
    (pad 2 smd roundrect (at 1.5375 0) (size 1.325 2.35) (layers B.Cu B.Paste B.Mask) (roundrect_rratio 0.188679)
      (net 26 GND))
    (model ${KISYS3DMOD}/Capacitor_Tantalum_SMD.3dshapes/CP_EIA-3528-21_Kemet-B.wrl
      (at (xyz 0 0 0))
      (scale (xyz 1 1 1))
      (rotate (xyz 0 0 0))
    )
  )

  (module Capacitor_SMD:C_0603_1608Metric (layer F.Cu) (tedit 5F68FEEE) (tstamp 60E86C39)
    (at 101.854 102.87 90)
    (descr "Capacitor SMD 0603 (1608 Metric), square (rectangular) end terminal, IPC_7351 nominal, (Body size source: IPC-SM-782 page 76, https://www.pcb-3d.com/wordpress/wp-content/uploads/ipc-sm-782a_amendment_1_and_2.pdf), generated with kicad-footprint-generator")
    (tags capacitor)
    (path /60EA716F/60EBEE8E)
    (attr smd)
    (fp_text reference C2 (at 2.032 0) (layer F.SilkS)
      (effects (font (size 0.7 0.7) (thickness 0.1)))
    )
    (fp_text value 22pF (at 0 1.43 270) (layer F.Fab)
      (effects (font (size 1 1) (thickness 0.15)))
    )
    (fp_line (start -0.8 0.4) (end -0.8 -0.4) (layer F.Fab) (width 0.1))
    (fp_line (start -0.8 -0.4) (end 0.8 -0.4) (layer F.Fab) (width 0.1))
    (fp_line (start 0.8 -0.4) (end 0.8 0.4) (layer F.Fab) (width 0.1))
    (fp_line (start 0.8 0.4) (end -0.8 0.4) (layer F.Fab) (width 0.1))
    (fp_line (start -0.14058 -0.51) (end 0.14058 -0.51) (layer F.SilkS) (width 0.12))
    (fp_line (start -0.14058 0.51) (end 0.14058 0.51) (layer F.SilkS) (width 0.12))
    (fp_line (start -1.48 0.73) (end -1.48 -0.73) (layer F.CrtYd) (width 0.05))
    (fp_line (start -1.48 -0.73) (end 1.48 -0.73) (layer F.CrtYd) (width 0.05))
    (fp_line (start 1.48 -0.73) (end 1.48 0.73) (layer F.CrtYd) (width 0.05))
    (fp_line (start 1.48 0.73) (end -1.48 0.73) (layer F.CrtYd) (width 0.05))
    (pad 2 smd roundrect (at 0.775 0 90) (size 0.9 0.95) (layers F.Cu F.Paste F.Mask) (roundrect_rratio 0.25)
      (net 27 "Net-(C2-Pad2)"))
    (pad 1 smd roundrect (at -0.775 0 90) (size 0.9 0.95) (layers F.Cu F.Paste F.Mask) (roundrect_rratio 0.25)
      (net 26 GND))
    (model ${KISYS3DMOD}/Capacitor_SMD.3dshapes/C_0603_1608Metric.wrl
      (at (xyz 0 0 0))
      (scale (xyz 1 1 1))
      (rotate (xyz 0 0 0))
    )
  )

  (module Capacitor_SMD:C_0603_1608Metric (layer F.Cu) (tedit 5F68FEEE) (tstamp 60E86C4A)
    (at 103.632 102.87 270)
    (descr "Capacitor SMD 0603 (1608 Metric), square (rectangular) end terminal, IPC_7351 nominal, (Body size source: IPC-SM-782 page 76, https://www.pcb-3d.com/wordpress/wp-content/uploads/ipc-sm-782a_amendment_1_and_2.pdf), generated with kicad-footprint-generator")
    (tags capacitor)
    (path /60EA716F/60EBEE9C)
    (attr smd)
    (fp_text reference C3 (at -2.032 0) (layer F.SilkS)
      (effects (font (size 0.7 0.7) (thickness 0.1)))
    )
    (fp_text value 22pF (at 0 1.43 270) (layer F.Fab)
      (effects (font (size 1 1) (thickness 0.15)))
    )
    (fp_line (start 1.48 0.73) (end -1.48 0.73) (layer F.CrtYd) (width 0.05))
    (fp_line (start 1.48 -0.73) (end 1.48 0.73) (layer F.CrtYd) (width 0.05))
    (fp_line (start -1.48 -0.73) (end 1.48 -0.73) (layer F.CrtYd) (width 0.05))
    (fp_line (start -1.48 0.73) (end -1.48 -0.73) (layer F.CrtYd) (width 0.05))
    (fp_line (start -0.14058 0.51) (end 0.14058 0.51) (layer F.SilkS) (width 0.12))
    (fp_line (start -0.14058 -0.51) (end 0.14058 -0.51) (layer F.SilkS) (width 0.12))
    (fp_line (start 0.8 0.4) (end -0.8 0.4) (layer F.Fab) (width 0.1))
    (fp_line (start 0.8 -0.4) (end 0.8 0.4) (layer F.Fab) (width 0.1))
    (fp_line (start -0.8 -0.4) (end 0.8 -0.4) (layer F.Fab) (width 0.1))
    (fp_line (start -0.8 0.4) (end -0.8 -0.4) (layer F.Fab) (width 0.1))
    (pad 1 smd roundrect (at -0.775 0 270) (size 0.9 0.95) (layers F.Cu F.Paste F.Mask) (roundrect_rratio 0.25)
      (net 28 "Net-(C3-Pad1)"))
    (pad 2 smd roundrect (at 0.775 0 270) (size 0.9 0.95) (layers F.Cu F.Paste F.Mask) (roundrect_rratio 0.25)
      (net 26 GND))
    (model ${KISYS3DMOD}/Capacitor_SMD.3dshapes/C_0603_1608Metric.wrl
      (at (xyz 0 0 0))
      (scale (xyz 1 1 1))
      (rotate (xyz 0 0 0))
    )
  )

  (module SamacSys_Parts:SOT65P210X110-5N (layer F.Cu) (tedit 0) (tstamp 60E86C84)
    (at 91.186 102.87 180)
    (descr "5-Pin SOT-353")
    (tags Diode)
    (path /60EC0178/60ECAE03)
    (attr smd)
    (fp_text reference D1 (at 0 -2.032) (layer F.SilkS)
      (effects (font (size 0.7 0.7) (thickness 0.1)))
    )
    (fp_text value D5V0L4B5S-7 (at 0 0) (layer F.SilkS) hide
      (effects (font (size 1.27 1.27) (thickness 0.254)))
    )
    (fp_line (start -1.5 -1.1) (end -0.5 -1.1) (layer F.SilkS) (width 0.2))
    (fp_line (start -0.15 1) (end -0.15 -1) (layer F.SilkS) (width 0.2))
    (fp_line (start 0.15 1) (end -0.15 1) (layer F.SilkS) (width 0.2))
    (fp_line (start 0.15 -1) (end 0.15 1) (layer F.SilkS) (width 0.2))
    (fp_line (start -0.15 -1) (end 0.15 -1) (layer F.SilkS) (width 0.2))
    (fp_line (start -0.625 -0.35) (end 0.025 -1) (layer F.Fab) (width 0.1))
    (fp_line (start -0.625 1) (end -0.625 -1) (layer F.Fab) (width 0.1))
    (fp_line (start 0.625 1) (end -0.625 1) (layer F.Fab) (width 0.1))
    (fp_line (start 0.625 -1) (end 0.625 1) (layer F.Fab) (width 0.1))
    (fp_line (start -0.625 -1) (end 0.625 -1) (layer F.Fab) (width 0.1))
    (fp_line (start -1.75 1.35) (end -1.75 -1.35) (layer F.CrtYd) (width 0.05))
    (fp_line (start 1.75 1.35) (end -1.75 1.35) (layer F.CrtYd) (width 0.05))
    (fp_line (start 1.75 -1.35) (end 1.75 1.35) (layer F.CrtYd) (width 0.05))
    (fp_line (start -1.75 -1.35) (end 1.75 -1.35) (layer F.CrtYd) (width 0.05))
    (pad 1 smd rect (at -1 -0.65 270) (size 0.4 1) (layers F.Cu F.Paste F.Mask)
      (net 29 SD_CLK))
    (pad 2 smd rect (at -1 0 270) (size 0.4 1) (layers F.Cu F.Paste F.Mask)
      (net 26 GND))
    (pad 3 smd rect (at -1 0.65 270) (size 0.4 1) (layers F.Cu F.Paste F.Mask)
      (net 30 SD_DAT0))
    (pad 4 smd rect (at 1 0.65 270) (size 0.4 1) (layers F.Cu F.Paste F.Mask)
      (net 32 SD_DAT3))
    (pad 5 smd rect (at 1 -0.65 270) (size 0.4 1) (layers F.Cu F.Paste F.Mask)
      (net 31 SD_CMD))
    (model C:\Users\Martin.HOME\Documents\SamacSys_PCB_Library\SamacSys_Parts.3dshapes\D5V0L4B5S-7.stp
      (at (xyz 0 0 0))
      (scale (xyz 1 1 1))
      (rotate (xyz 0 0 0))
    )
  )

  (module Jumper:SolderJumper-2_P1.3mm_Open_RoundedPad1.0x1.5mm (layer F.Cu) (tedit 5B391E66) (tstamp 60E86D1F)
    (at 108.712 101.9 270)
    (descr "SMD Solder Jumper, 1x1.5mm, rounded Pads, 0.3mm gap, open")
    (tags "solder jumper open")
    (path /60EA716F/60EBEEAA)
    (attr virtual)
    (fp_text reference JP1 (at 2.24 0 180) (layer F.SilkS)
      (effects (font (size 0.7 0.7) (thickness 0.1)))
    )
    (fp_text value "CAN 120" (at 0 1.9 90) (layer F.Fab)
      (effects (font (size 1 1) (thickness 0.15)))
    )
    (fp_line (start 1.65 1.25) (end -1.65 1.25) (layer F.CrtYd) (width 0.05))
    (fp_line (start 1.65 1.25) (end 1.65 -1.25) (layer F.CrtYd) (width 0.05))
    (fp_line (start -1.65 -1.25) (end -1.65 1.25) (layer F.CrtYd) (width 0.05))
    (fp_line (start -1.65 -1.25) (end 1.65 -1.25) (layer F.CrtYd) (width 0.05))
    (fp_line (start -0.7 -1) (end 0.7 -1) (layer F.SilkS) (width 0.12))
    (fp_line (start 1.4 -0.3) (end 1.4 0.3) (layer F.SilkS) (width 0.12))
    (fp_line (start 0.7 1) (end -0.7 1) (layer F.SilkS) (width 0.12))
    (fp_line (start -1.4 0.3) (end -1.4 -0.3) (layer F.SilkS) (width 0.12))
    (fp_arc (start 0.7 -0.3) (end 1.4 -0.3) (angle -90) (layer F.SilkS) (width 0.12))
    (fp_arc (start 0.7 0.3) (end 0.7 1) (angle -90) (layer F.SilkS) (width 0.12))
    (fp_arc (start -0.7 0.3) (end -1.4 0.3) (angle -90) (layer F.SilkS) (width 0.12))
    (fp_arc (start -0.7 -0.3) (end -0.7 -1) (angle -90) (layer F.SilkS) (width 0.12))
    (pad 1 smd custom (at -0.65 0 270) (size 1 0.5) (layers F.Cu F.Mask)
      (net 38 CANH) (zone_connect 2)
      (options (clearance outline) (anchor rect))
      (primitives
        (gr_circle (center 0 0.25) (end 0.5 0.25) (width 0))
        (gr_circle (center 0 -0.25) (end 0.5 -0.25) (width 0))
        (gr_poly (pts
           (xy 0 -0.75) (xy 0.5 -0.75) (xy 0.5 0.75) (xy 0 0.75)) (width 0))
      ))
    (pad 2 smd custom (at 0.65 0 270) (size 1 0.5) (layers F.Cu F.Mask)
      (net 39 "Net-(JP1-Pad2)") (zone_connect 2)
      (options (clearance outline) (anchor rect))
      (primitives
        (gr_circle (center 0 0.25) (end 0.5 0.25) (width 0))
        (gr_circle (center 0 -0.25) (end 0.5 -0.25) (width 0))
        (gr_poly (pts
           (xy 0 -0.75) (xy -0.5 -0.75) (xy -0.5 0.75) (xy 0 0.75)) (width 0))
      ))
  )

  (module Resistor_SMD:R_0603_1608Metric (layer F.Cu) (tedit 5F68FEEE) (tstamp 60E86D30)
    (at 88.392 102.87 90)
    (descr "Resistor SMD 0603 (1608 Metric), square (rectangular) end terminal, IPC_7351 nominal, (Body size source: IPC-SM-782 page 72, https://www.pcb-3d.com/wordpress/wp-content/uploads/ipc-sm-782a_amendment_1_and_2.pdf), generated with kicad-footprint-generator")
    (tags resistor)
    (path /60EC0178/60ECAE13)
    (attr smd)
    (fp_text reference R1 (at -2.032 0 180) (layer F.SilkS)
      (effects (font (size 0.7 0.7) (thickness 0.1)))
    )
    (fp_text value 10k (at 0 1.43 90) (layer F.Fab)
      (effects (font (size 1 1) (thickness 0.15)))
    )
    (fp_line (start -0.8 0.4125) (end -0.8 -0.4125) (layer F.Fab) (width 0.1))
    (fp_line (start -0.8 -0.4125) (end 0.8 -0.4125) (layer F.Fab) (width 0.1))
    (fp_line (start 0.8 -0.4125) (end 0.8 0.4125) (layer F.Fab) (width 0.1))
    (fp_line (start 0.8 0.4125) (end -0.8 0.4125) (layer F.Fab) (width 0.1))
    (fp_line (start -0.237258 -0.5225) (end 0.237258 -0.5225) (layer F.SilkS) (width 0.12))
    (fp_line (start -0.237258 0.5225) (end 0.237258 0.5225) (layer F.SilkS) (width 0.12))
    (fp_line (start -1.48 0.73) (end -1.48 -0.73) (layer F.CrtYd) (width 0.05))
    (fp_line (start -1.48 -0.73) (end 1.48 -0.73) (layer F.CrtYd) (width 0.05))
    (fp_line (start 1.48 -0.73) (end 1.48 0.73) (layer F.CrtYd) (width 0.05))
    (fp_line (start 1.48 0.73) (end -1.48 0.73) (layer F.CrtYd) (width 0.05))
    (pad 2 smd roundrect (at 0.825 0 90) (size 0.8 0.95) (layers F.Cu F.Paste F.Mask) (roundrect_rratio 0.25)
      (net 25 +3V3))
    (pad 1 smd roundrect (at -0.825 0 90) (size 0.8 0.95) (layers F.Cu F.Paste F.Mask) (roundrect_rratio 0.25)
      (net 32 SD_DAT3))
    (model ${KISYS3DMOD}/Resistor_SMD.3dshapes/R_0603_1608Metric.wrl
      (at (xyz 0 0 0))
      (scale (xyz 1 1 1))
      (rotate (xyz 0 0 0))
    )
  )

  (module Resistor_SMD:R_0603_1608Metric (layer F.Cu) (tedit 5F68FEEE) (tstamp 60E86D41)
    (at 86.614 102.87 90)
    (descr "Resistor SMD 0603 (1608 Metric), square (rectangular) end terminal, IPC_7351 nominal, (Body size source: IPC-SM-782 page 72, https://www.pcb-3d.com/wordpress/wp-content/uploads/ipc-sm-782a_amendment_1_and_2.pdf), generated with kicad-footprint-generator")
    (tags resistor)
    (path /60EC0178/60ECAE19)
    (attr smd)
    (fp_text reference R2 (at -2.032 0 180) (layer F.SilkS)
      (effects (font (size 0.7 0.7) (thickness 0.1)))
    )
    (fp_text value 10k (at 0 1.43 90) (layer F.Fab)
      (effects (font (size 1 1) (thickness 0.15)))
    )
    (fp_line (start 1.48 0.73) (end -1.48 0.73) (layer F.CrtYd) (width 0.05))
    (fp_line (start 1.48 -0.73) (end 1.48 0.73) (layer F.CrtYd) (width 0.05))
    (fp_line (start -1.48 -0.73) (end 1.48 -0.73) (layer F.CrtYd) (width 0.05))
    (fp_line (start -1.48 0.73) (end -1.48 -0.73) (layer F.CrtYd) (width 0.05))
    (fp_line (start -0.237258 0.5225) (end 0.237258 0.5225) (layer F.SilkS) (width 0.12))
    (fp_line (start -0.237258 -0.5225) (end 0.237258 -0.5225) (layer F.SilkS) (width 0.12))
    (fp_line (start 0.8 0.4125) (end -0.8 0.4125) (layer F.Fab) (width 0.1))
    (fp_line (start 0.8 -0.4125) (end 0.8 0.4125) (layer F.Fab) (width 0.1))
    (fp_line (start -0.8 -0.4125) (end 0.8 -0.4125) (layer F.Fab) (width 0.1))
    (fp_line (start -0.8 0.4125) (end -0.8 -0.4125) (layer F.Fab) (width 0.1))
    (pad 1 smd roundrect (at -0.825 0 90) (size 0.8 0.95) (layers F.Cu F.Paste F.Mask) (roundrect_rratio 0.25)
      (net 31 SD_CMD))
    (pad 2 smd roundrect (at 0.825 0 90) (size 0.8 0.95) (layers F.Cu F.Paste F.Mask) (roundrect_rratio 0.25)
      (net 25 +3V3))
    (model ${KISYS3DMOD}/Resistor_SMD.3dshapes/R_0603_1608Metric.wrl
      (at (xyz 0 0 0))
      (scale (xyz 1 1 1))
      (rotate (xyz 0 0 0))
    )
  )

  (module Resistor_SMD:R_0603_1608Metric (layer F.Cu) (tedit 5F68FEEE) (tstamp 60E86D52)
    (at 95.758 102.87 270)
    (descr "Resistor SMD 0603 (1608 Metric), square (rectangular) end terminal, IPC_7351 nominal, (Body size source: IPC-SM-782 page 72, https://www.pcb-3d.com/wordpress/wp-content/uploads/ipc-sm-782a_amendment_1_and_2.pdf), generated with kicad-footprint-generator")
    (tags resistor)
    (path /60EC0178/60ECAE1F)
    (attr smd)
    (fp_text reference R3 (at 2.032 0 180) (layer F.SilkS)
      (effects (font (size 0.7 0.7) (thickness 0.1)))
    )
    (fp_text value 10k (at 0 1.43 90) (layer F.Fab)
      (effects (font (size 1 1) (thickness 0.15)))
    )
    (fp_line (start 1.48 0.73) (end -1.48 0.73) (layer F.CrtYd) (width 0.05))
    (fp_line (start 1.48 -0.73) (end 1.48 0.73) (layer F.CrtYd) (width 0.05))
    (fp_line (start -1.48 -0.73) (end 1.48 -0.73) (layer F.CrtYd) (width 0.05))
    (fp_line (start -1.48 0.73) (end -1.48 -0.73) (layer F.CrtYd) (width 0.05))
    (fp_line (start -0.237258 0.5225) (end 0.237258 0.5225) (layer F.SilkS) (width 0.12))
    (fp_line (start -0.237258 -0.5225) (end 0.237258 -0.5225) (layer F.SilkS) (width 0.12))
    (fp_line (start 0.8 0.4125) (end -0.8 0.4125) (layer F.Fab) (width 0.1))
    (fp_line (start 0.8 -0.4125) (end 0.8 0.4125) (layer F.Fab) (width 0.1))
    (fp_line (start -0.8 -0.4125) (end 0.8 -0.4125) (layer F.Fab) (width 0.1))
    (fp_line (start -0.8 0.4125) (end -0.8 -0.4125) (layer F.Fab) (width 0.1))
    (pad 1 smd roundrect (at -0.825 0 270) (size 0.8 0.95) (layers F.Cu F.Paste F.Mask) (roundrect_rratio 0.25)
      (net 25 +3V3))
    (pad 2 smd roundrect (at 0.825 0 270) (size 0.8 0.95) (layers F.Cu F.Paste F.Mask) (roundrect_rratio 0.25)
      (net 29 SD_CLK))
    (model ${KISYS3DMOD}/Resistor_SMD.3dshapes/R_0603_1608Metric.wrl
      (at (xyz 0 0 0))
      (scale (xyz 1 1 1))
      (rotate (xyz 0 0 0))
    )
  )

  (module Resistor_SMD:R_0603_1608Metric (layer F.Cu) (tedit 5F68FEEE) (tstamp 60E86D63)
    (at 93.98 102.87 270)
    (descr "Resistor SMD 0603 (1608 Metric), square (rectangular) end terminal, IPC_7351 nominal, (Body size source: IPC-SM-782 page 72, https://www.pcb-3d.com/wordpress/wp-content/uploads/ipc-sm-782a_amendment_1_and_2.pdf), generated with kicad-footprint-generator")
    (tags resistor)
    (path /60EC0178/60ECAE2E)
    (attr smd)
    (fp_text reference R4 (at 2.032 0 180) (layer F.SilkS)
      (effects (font (size 0.7 0.7) (thickness 0.1)))
    )
    (fp_text value 10k (at 0 1.43 90) (layer F.Fab)
      (effects (font (size 1 1) (thickness 0.15)))
    )
    (fp_line (start -0.8 0.4125) (end -0.8 -0.4125) (layer F.Fab) (width 0.1))
    (fp_line (start -0.8 -0.4125) (end 0.8 -0.4125) (layer F.Fab) (width 0.1))
    (fp_line (start 0.8 -0.4125) (end 0.8 0.4125) (layer F.Fab) (width 0.1))
    (fp_line (start 0.8 0.4125) (end -0.8 0.4125) (layer F.Fab) (width 0.1))
    (fp_line (start -0.237258 -0.5225) (end 0.237258 -0.5225) (layer F.SilkS) (width 0.12))
    (fp_line (start -0.237258 0.5225) (end 0.237258 0.5225) (layer F.SilkS) (width 0.12))
    (fp_line (start -1.48 0.73) (end -1.48 -0.73) (layer F.CrtYd) (width 0.05))
    (fp_line (start -1.48 -0.73) (end 1.48 -0.73) (layer F.CrtYd) (width 0.05))
    (fp_line (start 1.48 -0.73) (end 1.48 0.73) (layer F.CrtYd) (width 0.05))
    (fp_line (start 1.48 0.73) (end -1.48 0.73) (layer F.CrtYd) (width 0.05))
    (pad 2 smd roundrect (at 0.825 0 270) (size 0.8 0.95) (layers F.Cu F.Paste F.Mask) (roundrect_rratio 0.25)
      (net 30 SD_DAT0))
    (pad 1 smd roundrect (at -0.825 0 270) (size 0.8 0.95) (layers F.Cu F.Paste F.Mask) (roundrect_rratio 0.25)
      (net 25 +3V3))
    (model ${KISYS3DMOD}/Resistor_SMD.3dshapes/R_0603_1608Metric.wrl
      (at (xyz 0 0 0))
      (scale (xyz 1 1 1))
      (rotate (xyz 0 0 0))
    )
  )

  (module Resistor_SMD:R_0603_1608Metric (layer F.Cu) (tedit 5F68FEEE) (tstamp 60E86D74)
    (at 108.966 94.996 90)
    (descr "Resistor SMD 0603 (1608 Metric), square (rectangular) end terminal, IPC_7351 nominal, (Body size source: IPC-SM-782 page 72, https://www.pcb-3d.com/wordpress/wp-content/uploads/ipc-sm-782a_amendment_1_and_2.pdf), generated with kicad-footprint-generator")
    (tags resistor)
    (path /60EA716F/60EBEE47)
    (attr smd)
    (fp_text reference R5 (at 2.54 0 90) (layer F.SilkS)
      (effects (font (size 0.7 0.7) (thickness 0.1)))
    )
    (fp_text value 5k (at 0 1.43 90) (layer F.Fab)
      (effects (font (size 1 1) (thickness 0.15)))
    )
    (fp_line (start 1.48 0.73) (end -1.48 0.73) (layer F.CrtYd) (width 0.05))
    (fp_line (start 1.48 -0.73) (end 1.48 0.73) (layer F.CrtYd) (width 0.05))
    (fp_line (start -1.48 -0.73) (end 1.48 -0.73) (layer F.CrtYd) (width 0.05))
    (fp_line (start -1.48 0.73) (end -1.48 -0.73) (layer F.CrtYd) (width 0.05))
    (fp_line (start -0.237258 0.5225) (end 0.237258 0.5225) (layer F.SilkS) (width 0.12))
    (fp_line (start -0.237258 -0.5225) (end 0.237258 -0.5225) (layer F.SilkS) (width 0.12))
    (fp_line (start 0.8 0.4125) (end -0.8 0.4125) (layer F.Fab) (width 0.1))
    (fp_line (start 0.8 -0.4125) (end 0.8 0.4125) (layer F.Fab) (width 0.1))
    (fp_line (start -0.8 -0.4125) (end 0.8 -0.4125) (layer F.Fab) (width 0.1))
    (fp_line (start -0.8 0.4125) (end -0.8 -0.4125) (layer F.Fab) (width 0.1))
    (pad 1 smd roundrect (at -0.825 0 90) (size 0.8 0.95) (layers F.Cu F.Paste F.Mask) (roundrect_rratio 0.25)
      (net 40 "Net-(R5-Pad1)"))
    (pad 2 smd roundrect (at 0.825 0 90) (size 0.8 0.95) (layers F.Cu F.Paste F.Mask) (roundrect_rratio 0.25)
      (net 26 GND))
    (model ${KISYS3DMOD}/Resistor_SMD.3dshapes/R_0603_1608Metric.wrl
      (at (xyz 0 0 0))
      (scale (xyz 1 1 1))
      (rotate (xyz 0 0 0))
    )
  )

  (module Resistor_SMD:R_1206_3216Metric_Pad1.30x1.75mm_HandSolder (layer F.Cu) (tedit 5F68FEEE) (tstamp 60E86D85)
    (at 105.918 101.9 90)
    (descr "Resistor SMD 1206 (3216 Metric), square (rectangular) end terminal, IPC_7351 nominal with elongated pad for handsoldering. (Body size source: IPC-SM-782 page 72, https://www.pcb-3d.com/wordpress/wp-content/uploads/ipc-sm-782a_amendment_1_and_2.pdf), generated with kicad-footprint-generator")
    (tags "resistor handsolder")
    (path /60EA716F/60EBEE3D)
    (attr smd)
    (fp_text reference R6 (at -3.002 0 180) (layer F.SilkS)
      (effects (font (size 0.7 0.7) (thickness 0.1)))
    )
    (fp_text value 120 (at 0 1.82 90) (layer F.Fab)
      (effects (font (size 1 1) (thickness 0.15)))
    )
    (fp_line (start 2.45 1.12) (end -2.45 1.12) (layer F.CrtYd) (width 0.05))
    (fp_line (start 2.45 -1.12) (end 2.45 1.12) (layer F.CrtYd) (width 0.05))
    (fp_line (start -2.45 -1.12) (end 2.45 -1.12) (layer F.CrtYd) (width 0.05))
    (fp_line (start -2.45 1.12) (end -2.45 -1.12) (layer F.CrtYd) (width 0.05))
    (fp_line (start -0.727064 0.91) (end 0.727064 0.91) (layer F.SilkS) (width 0.12))
    (fp_line (start -0.727064 -0.91) (end 0.727064 -0.91) (layer F.SilkS) (width 0.12))
    (fp_line (start 1.6 0.8) (end -1.6 0.8) (layer F.Fab) (width 0.1))
    (fp_line (start 1.6 -0.8) (end 1.6 0.8) (layer F.Fab) (width 0.1))
    (fp_line (start -1.6 -0.8) (end 1.6 -0.8) (layer F.Fab) (width 0.1))
    (fp_line (start -1.6 0.8) (end -1.6 -0.8) (layer F.Fab) (width 0.1))
    (pad 1 smd roundrect (at -1.55 0 90) (size 1.3 1.75) (layers F.Cu F.Paste F.Mask) (roundrect_rratio 0.192308)
      (net 39 "Net-(JP1-Pad2)"))
    (pad 2 smd roundrect (at 1.55 0 90) (size 1.3 1.75) (layers F.Cu F.Paste F.Mask) (roundrect_rratio 0.192308)
      (net 41 CANL))
    (model ${KISYS3DMOD}/Resistor_SMD.3dshapes/R_1206_3216Metric.wrl
      (at (xyz 0 0 0))
      (scale (xyz 1 1 1))
      (rotate (xyz 0 0 0))
    )
  )

  (module SamacSys_Parts:SOIC127P600X175-14N (layer F.Cu) (tedit 0) (tstamp 60E86DA6)
    (at 95.504 94.996 90)
    (descr SOIC)
    (tags "Integrated Circuit")
    (path /60EA716F/60EBEE1D)
    (attr smd)
    (fp_text reference U1 (at 0 0 90) (layer F.SilkS)
      (effects (font (size 0.7 0.7) (thickness 0.1)))
    )
    (fp_text value MCP2518FDT-H_SL (at 0 0 90) (layer F.SilkS) hide
      (effects (font (size 1.27 1.27) (thickness 0.254)))
    )
    (fp_line (start -3.45 -4.485) (end -1.95 -4.485) (layer F.SilkS) (width 0.2))
    (fp_line (start -1.6 4.325) (end -1.6 -4.325) (layer F.SilkS) (width 0.2))
    (fp_line (start 1.6 4.325) (end -1.6 4.325) (layer F.SilkS) (width 0.2))
    (fp_line (start 1.6 -4.325) (end 1.6 4.325) (layer F.SilkS) (width 0.2))
    (fp_line (start -1.6 -4.325) (end 1.6 -4.325) (layer F.SilkS) (width 0.2))
    (fp_line (start -1.95 -3.055) (end -0.68 -4.325) (layer F.Fab) (width 0.1))
    (fp_line (start -1.95 4.325) (end -1.95 -4.325) (layer F.Fab) (width 0.1))
    (fp_line (start 1.95 4.325) (end -1.95 4.325) (layer F.Fab) (width 0.1))
    (fp_line (start 1.95 -4.325) (end 1.95 4.325) (layer F.Fab) (width 0.1))
    (fp_line (start -1.95 -4.325) (end 1.95 -4.325) (layer F.Fab) (width 0.1))
    (fp_line (start -3.7 4.575) (end -3.7 -4.575) (layer F.CrtYd) (width 0.05))
    (fp_line (start 3.7 4.575) (end -3.7 4.575) (layer F.CrtYd) (width 0.05))
    (fp_line (start 3.7 -4.575) (end 3.7 4.575) (layer F.CrtYd) (width 0.05))
    (fp_line (start -3.7 -4.575) (end 3.7 -4.575) (layer F.CrtYd) (width 0.05))
    (fp_text user %R (at 0 0 90) (layer F.SilkS)
      (effects (font (size 0.7 0.7) (thickness 0.1)))
    )
    (pad 1 smd rect (at -2.7 -3.81 180) (size 0.65 1.5) (layers F.Cu F.Paste F.Mask)
      (net 42 "Net-(U1-Pad1)"))
    (pad 2 smd rect (at -2.7 -2.54 180) (size 0.65 1.5) (layers F.Cu F.Paste F.Mask)
      (net 43 "Net-(U1-Pad2)"))
    (pad 3 smd rect (at -2.7 -1.27 180) (size 0.65 1.5) (layers F.Cu F.Paste F.Mask)
      (net 44 "Net-(U1-Pad3)"))
    (pad 4 smd rect (at -2.7 0 180) (size 0.65 1.5) (layers F.Cu F.Paste F.Mask)
      (net 34 MCP_INT))
    (pad 5 smd rect (at -2.7 1.27 180) (size 0.65 1.5) (layers F.Cu F.Paste F.Mask)
      (net 27 "Net-(C2-Pad2)"))
    (pad 6 smd rect (at -2.7 2.54 180) (size 0.65 1.5) (layers F.Cu F.Paste F.Mask)
      (net 28 "Net-(C3-Pad1)"))
    (pad 7 smd rect (at -2.7 3.81 180) (size 0.65 1.5) (layers F.Cu F.Paste F.Mask)
      (net 26 GND))
    (pad 8 smd rect (at 2.7 3.81 180) (size 0.65 1.5) (layers F.Cu F.Paste F.Mask)
      (net 45 "Net-(U1-Pad8)"))
    (pad 9 smd rect (at 2.7 2.54 180) (size 0.65 1.5) (layers F.Cu F.Paste F.Mask)
      (net 46 "Net-(U1-Pad9)"))
    (pad 10 smd rect (at 2.7 1.27 180) (size 0.65 1.5) (layers F.Cu F.Paste F.Mask)
      (net 35 MCP_CLK))
    (pad 11 smd rect (at 2.7 0 180) (size 0.65 1.5) (layers F.Cu F.Paste F.Mask)
      (net 37 MCP_MOSI))
    (pad 12 smd rect (at 2.7 -1.27 180) (size 0.65 1.5) (layers F.Cu F.Paste F.Mask)
      (net 36 MCP_MISO))
    (pad 13 smd rect (at 2.7 -2.54 180) (size 0.65 1.5) (layers F.Cu F.Paste F.Mask)
      (net 33 MCP_CS))
    (pad 14 smd rect (at 2.7 -3.81 180) (size 0.65 1.5) (layers F.Cu F.Paste F.Mask)
      (net 25 +3V3))
    (model C:\Users\Martin.HOME\Documents\SamacSys_PCB_Library\SamacSys_Parts.3dshapes\MCP2518FDT-E_SL.stp
      (at (xyz 0 0 0))
      (scale (xyz 1 1 1))
      (rotate (xyz 0 0 0))
    )
  )

  (module Package_SO:SOIC-8_3.9x4.9mm_P1.27mm (layer F.Cu) (tedit 5D9F72B1) (tstamp 60E86DC0)
    (at 105.156 94.996 270)
    (descr "SOIC, 8 Pin (JEDEC MS-012AA, https://www.analog.com/media/en/package-pcb-resources/package/pkg_pdf/soic_narrow-r/r_8.pdf), generated with kicad-footprint-generator ipc_gullwing_generator.py")
    (tags "SOIC SO")
    (path /60EA716F/60EBEE65)
    (attr smd)
    (fp_text reference U2 (at -0.254 0 90) (layer F.SilkS)
      (effects (font (size 0.7 0.7) (thickness 0.1)))
    )
    (fp_text value SN65HVD231 (at 0 3.4 90) (layer F.Fab)
      (effects (font (size 1 1) (thickness 0.15)))
    )
    (fp_line (start 3.7 -2.7) (end -3.7 -2.7) (layer F.CrtYd) (width 0.05))
    (fp_line (start 3.7 2.7) (end 3.7 -2.7) (layer F.CrtYd) (width 0.05))
    (fp_line (start -3.7 2.7) (end 3.7 2.7) (layer F.CrtYd) (width 0.05))
    (fp_line (start -3.7 -2.7) (end -3.7 2.7) (layer F.CrtYd) (width 0.05))
    (fp_line (start -1.95 -1.475) (end -0.975 -2.45) (layer F.Fab) (width 0.1))
    (fp_line (start -1.95 2.45) (end -1.95 -1.475) (layer F.Fab) (width 0.1))
    (fp_line (start 1.95 2.45) (end -1.95 2.45) (layer F.Fab) (width 0.1))
    (fp_line (start 1.95 -2.45) (end 1.95 2.45) (layer F.Fab) (width 0.1))
    (fp_line (start -0.975 -2.45) (end 1.95 -2.45) (layer F.Fab) (width 0.1))
    (fp_line (start 0 -2.56) (end -3.45 -2.56) (layer F.SilkS) (width 0.12))
    (fp_line (start 0 -2.56) (end 1.95 -2.56) (layer F.SilkS) (width 0.12))
    (fp_line (start 0 2.56) (end -1.95 2.56) (layer F.SilkS) (width 0.12))
    (fp_line (start 0 2.56) (end 1.95 2.56) (layer F.SilkS) (width 0.12))
    (pad 1 smd roundrect (at -2.475 -1.905 270) (size 1.95 0.6) (layers F.Cu F.Paste F.Mask) (roundrect_rratio 0.25)
      (net 42 "Net-(U1-Pad1)"))
    (pad 2 smd roundrect (at -2.475 -0.635 270) (size 1.95 0.6) (layers F.Cu F.Paste F.Mask) (roundrect_rratio 0.25)
      (net 26 GND))
    (pad 3 smd roundrect (at -2.475 0.635 270) (size 1.95 0.6) (layers F.Cu F.Paste F.Mask) (roundrect_rratio 0.25)
      (net 25 +3V3))
    (pad 4 smd roundrect (at -2.475 1.905 270) (size 1.95 0.6) (layers F.Cu F.Paste F.Mask) (roundrect_rratio 0.25)
      (net 43 "Net-(U1-Pad2)"))
    (pad 5 smd roundrect (at 2.475 1.905 270) (size 1.95 0.6) (layers F.Cu F.Paste F.Mask) (roundrect_rratio 0.25)
      (net 47 "Net-(U2-Pad5)"))
    (pad 6 smd roundrect (at 2.475 0.635 270) (size 1.95 0.6) (layers F.Cu F.Paste F.Mask) (roundrect_rratio 0.25)
      (net 41 CANL))
    (pad 7 smd roundrect (at 2.475 -0.635 270) (size 1.95 0.6) (layers F.Cu F.Paste F.Mask) (roundrect_rratio 0.25)
      (net 38 CANH))
    (pad 8 smd roundrect (at 2.475 -1.905 270) (size 1.95 0.6) (layers F.Cu F.Paste F.Mask) (roundrect_rratio 0.25)
      (net 40 "Net-(R5-Pad1)"))
    (model ${KISYS3DMOD}/Package_SO.3dshapes/SOIC-8_3.9x4.9mm_P1.27mm.wrl
      (at (xyz 0 0 0))
      (scale (xyz 1 1 1))
      (rotate (xyz 0 0 0))
    )
  )

  (module SamacSys_Parts:XRCGB40M000F4M02R0 (layer F.Cu) (tedit 0) (tstamp 60E86DD5)
    (at 98.933 101.092 180)
    (descr XRCGB40M000F4M02R0-2)
    (tags "Crystal or Oscillator")
    (path /60EA716F/60EBEE84)
    (attr smd)
    (fp_text reference Y1 (at -0.127 -2.032) (layer F.SilkS)
      (effects (font (size 0.7 0.7) (thickness 0.1)))
    )
    (fp_text value XRCGB40M000F4M02R0 (at 0 0) (layer F.SilkS) hide
      (effects (font (size 1.27 1.27) (thickness 0.254)))
    )
    (fp_line (start -0.8 1.3) (end -0.8 1.3) (layer F.SilkS) (width 0.1))
    (fp_line (start -0.7 1.3) (end -0.7 1.3) (layer F.SilkS) (width 0.1))
    (fp_line (start -2.05 1.85) (end -2.05 -1.85) (layer F.CrtYd) (width 0.1))
    (fp_line (start 2.05 1.85) (end -2.05 1.85) (layer F.CrtYd) (width 0.1))
    (fp_line (start 2.05 -1.85) (end 2.05 1.85) (layer F.CrtYd) (width 0.1))
    (fp_line (start -2.05 -1.85) (end 2.05 -1.85) (layer F.CrtYd) (width 0.1))
    (fp_line (start -1 0.8) (end -1 -0.8) (layer F.Fab) (width 0.1))
    (fp_line (start 1 0.8) (end -1 0.8) (layer F.Fab) (width 0.1))
    (fp_line (start 1 -0.8) (end 1 0.8) (layer F.Fab) (width 0.1))
    (fp_line (start -1 -0.8) (end 1 -0.8) (layer F.Fab) (width 0.1))
    (fp_arc (start -0.75 1.3) (end -0.7 1.3) (angle -180) (layer F.SilkS) (width 0.1))
    (fp_arc (start -0.75 1.3) (end -0.8 1.3) (angle -180) (layer F.SilkS) (width 0.1))
    (pad 1 smd rect (at -0.675 0.5 270) (size 0.7 0.75) (layers F.Cu F.Paste F.Mask)
      (net 28 "Net-(C3-Pad1)"))
    (pad 2 smd rect (at 0.675 0.5 270) (size 0.7 0.75) (layers F.Cu F.Paste F.Mask)
      (net 48 "Net-(Y1-Pad2)"))
    (pad 3 smd rect (at 0.675 -0.5 270) (size 0.7 0.75) (layers F.Cu F.Paste F.Mask)
      (net 27 "Net-(C2-Pad2)"))
    (pad 4 smd rect (at -0.675 -0.5 270) (size 0.7 0.75) (layers F.Cu F.Paste F.Mask)
      (net 49 "Net-(Y1-Pad4)"))
    (model C:\Users\Martin.HOME\Documents\SamacSys_PCB_Library\SamacSys_Parts.3dshapes\XRCGB40M000F4M02R0.stp
      (at (xyz 0 0 0))
      (scale (xyz 1 1 1))
      (rotate (xyz 0 0 0))
    )
  )

  (module Connector_PinHeader_2.54mm:PinHeader_1x10_P2.54mm_Vertical (layer B.Cu) (tedit 59FED5CC) (tstamp 60E8DBD1)
    (at 86.36 66.04 180)
    (descr "Through hole straight pin header, 1x10, 2.54mm pitch, single row")
    (tags "Through hole pin header THT 1x10 2.54mm single row")
    (path /60ED5AC0)
    (fp_text reference J2 (at 0 -1.27) (layer B.SilkS)
      (effects (font (size 0.7 0.7) (thickness 0.1)) (justify mirror))
    )
    (fp_text value Conn_01x10_Male (at 0 -25.19) (layer B.Fab)
